       Time Uncensored
   1   0.30          0
   2   0.75          0
   3   1.13          0
   4   0.12          0
   5   0.24          0
   6   0.35          0
   7   0.29          0
   8   0.57          0
   9   1.91          0
  10   0.35          0
  11   0.34          0
  12   1.23          0
  13   0.15          0
  14   0.19          0
  15   0.89          1
  16   0.01          0
  17   0.84          1
  18   0.62          0
  19   0.66          0
  20   0.25          0
  21   1.64          1
  22   1.19          0
  23   1.08          0
  24   0.89          1
  25   0.97          1
  26   0.62          1
  27   0.24          1
  28   2.18          0
  29   0.80          1
  30   0.48          0
  31   0.49          1
  32   0.13          1
  33   0.66          1
  34   1.90          0
  35   1.05          0
  36   1.41          1
  37   0.36          0
  38   0.01          0
  39   0.11          0
  40   0.44          1
  41   1.67          1
  42   0.77          0
  43   1.16          1
  44   0.10          0
  45   0.33          0
  46   0.26          0
  47   0.60          1
  48   0.84          1
  49   0.33          1
  50   0.43          1
  51   0.23          0
  52   0.18          0
  53   0.50          0
  54   0.72          0
  55   0.14          0
  56   0.10          1
  57   0.70          0
  58   0.20          0
  59   0.35          0
  60   0.61          0
  61   2.53          1
  62   0.41          0
  63   0.13          1
  64   0.62          0
  65   0.56          0
  66   0.20          0
  67   0.10          1
  68   0.32          1
  69   0.39          1
  70   0.02          0
  71   0.74          1
  72   0.40          1
  73   0.03          0
  74   1.25          0
  75   1.18          0
  76   0.17          0
  77   0.43          1
  78   0.21          0
  79   0.82          1
  80   0.73          1
  81   0.58          0
  82   0.41          0
  83   0.10          0
  84   0.24          1
  85   0.45          0
  86   0.25          0
  87   0.45          0
  88   0.41          1
  89   1.30          1
  90   1.05          0
  91   2.08          0
  92   0.27          1
  93   0.15          0
  94   0.32          1
  95   0.53          0
  96   0.28          1
  97   1.69          0
  98   0.31          0
  99   0.63          0
 100   0.11          0
 101   0.33          1
 102   0.78          0
 103   1.33          1
 104   0.92          1
 105   1.63          0
 106   0.14          0
 107   0.37          0
 108   0.59          0
 109   0.02          0
 110   0.68          1
 111   0.76          0
 112   0.86          1
 113   1.56          0
 114   1.24          0
 115   1.25          1
 116   0.31          1
 117   0.46          1
 118   0.05          0
 119   0.45          1
 120   0.12          0
 121   0.82          1
 122   0.97          0
 123   0.92          1
 124   0.42          0
 125   0.50          0
 126   0.71          1
 127   0.35          1
 128   0.48          0
 129   1.09          1
 130   0.16          1
 131   0.21          0
 132   1.40          1
 133   0.49          1
 134   0.48          0
 135   0.14          0
 136   0.21          0
 137   0.47          0
 138   0.03          0
 139   0.21          1
 140   0.58          1
 141   0.81          1
 142   0.53          0
 143   0.34          0
 144   3.50          0
 145   0.09          1
 146   0.48          0
 147   0.52          0
 148   0.97          1
 149   0.20          0
 150   0.75          1

