   5.47    2.54    4.01    1.22    2.74    4.99    1.24    4.35  227.65
   3.20    4.35    1.02    1.17    3.49    1.61   10.43    9.04    1.07
   4.80    1.14    1.41   36.62    5.38    1.98    1.43    1.54    1.42
   1.06    1.68    1.44    1.52    2.25    1.62    1.01   53.79    1.11
   1.52   28.39   15.55    3.96    2.73    6.43    4.35    1.29    2.04
   1.04    1.68    1.89    1.78    2.57    1.39    5.49    1.07    1.74
   5.68    1.43    1.58   42.42    2.11    1.07    1.27    1.03    1.02
  10.92    1.43    2.18    6.28    1.81    4.42    1.93    2.39    3.75
   1.65    1.01    1.31    2.66    1.08    1.36    1.22    2.20    2.79
   1.11    2.01    3.11    2.02    2.21    1.05    5.69    1.16    5.47
   2.19    1.22    1.37    1.37    1.63    3.55    1.13    1.26    1.21
   1.35    4.36    4.59    1.47    2.22    4.34    2.19    1.80    1.68
  31.22    3.63    1.01    1.60    2.39    2.21    1.22    1.54    2.39
1008.06    3.37    1.30    4.46    1.01    7.51    1.14    1.02    1.12
   2.83    1.79    1.67    1.45    1.74    1.66    1.01    1.34    1.12
   1.30    1.18   10.96    2.28    2.33    1.51    1.41    1.19    1.40
   1.83    1.33   31.98    5.86    3.28    1.53
