1.54840367  2.57728387  1.88731942  5.01505047  2.43905355  1.64230043
4.92379605  1.79175252  0.17181028  2.19149069  1.79123744  7.66112457
5.34453518  2.06960970  3.69843501  1.04411483  1.13798590  6.36675664
1.68137241  5.59656545  4.23264101  0.49748916  1.56499402  3.10607039
4.16315811  3.86284171  4.18928354  6.59440439  3.55666424  4.13434896
3.92050032  2.81511361  3.68041116  8.43022830  0.39749670  5.92323807
3.92132855  0.57745549  0.82291537  1.90219362  2.44333872  1.40127218
1.79186517  4.68368250  3.03623829  7.05277944  3.55636217  3.21826894
3.39325870  2.55429741  4.29350969  1.54496269  6.43712423  3.45535954
1.51389956  4.15789616  3.77755641  0.45653469  2.96020351  6.44090913
4.78678443  7.29751551  7.97068389  1.01599742  4.15101925  2.88194123
1.42165548  3.33432992  1.77202236  3.17673055  2.69350303  1.97248415
3.61729580  8.49275889  4.58340025  2.49060246  6.34101948  4.37871659
5.00909459  2.85814655  2.40821753  5.87871639  3.06880032  2.23711832
3.05701193  2.85609843  6.71326353  1.51112611  5.39751508  1.54997236
2.87281023  5.03453103  4.36430721  4.34274593  3.66950806  2.04360831
5.64609364  4.79921515  5.07997717  4.41981748  1.78958415  1.73179190
4.03420419  2.84604072  1.79357578  2.87150134  3.36435691  3.55777000
0.54609796  2.01623297  8.49366164  3.73424929  2.69470617  2.85652345
5.00222883  3.86356376  2.68942007  0.07245601  2.11775479  4.61215995
1.76236432  8.31312658  1.27389277  5.61121590  7.83943144  5.78471904
2.38683159  3.36570192  3.58159071  4.09488969  3.46056238  3.59366021
8.58116692  4.48189526  5.76177834  4.60819861  5.28546201  1.01344034
2.78584409  2.74147795  3.92586200  4.21571123  5.24869573  4.26381482
3.31790841  4.49977130  0.53855600  1.48479831  2.15580492  3.88719723
3.85504598  3.05719439  5.07550416  3.32553086  0.50915381  6.89026959
3.72640326  6.37575495  3.95212580  3.03022315  1.74860717  4.64890378
2.49932707  3.23172669  3.44790296  4.10710031  6.44812038  2.80933049
4.22051317  5.89368175  3.88775459  5.16775777  2.62468731  9.43847804
5.16810666  0.81024918  2.84021069  1.86627683  1.82290894  3.45568692
1.46484664  3.22698955  6.11662243  5.09590060  5.90957413  3.53975937
5.73879729  2.13518299  3.82495821  3.43013840  6.03644569  1.54253072
0.58172056  5.91742835  1.05613349  3.09133942  1.40129522  2.69346523
3.49290774  6.85652584  5.69945335  5.04606914  1.67392841  2.92607245
2.79881170  6.60276544  3.48847462  1.88062171  1.59930496  3.08364380
4.09237458  4.37164932  3.12947564  2.79723457  0.80756464  1.53565557
3.19215733  4.75678741  4.08435455  3.08066436  3.62411434  2.25709252
3.61935041  2.38344877  0.78694622  4.88914919  2.10838767  4.25218295
2.91770427  2.02186749  5.80663808  2.92688940  4.93407096  2.81293169
4.44230249  0.56457550  4.97139737  5.73398267  3.89451136  5.69304080
3.71309969  0.71192456  2.37312711  2.74927367  3.50046990  1.61737822
1.33512547  6.25922762  3.87889282  2.17281961  4.01369785  5.18810702
5.51258182  1.68997905  0.78204007  2.70124288  3.16195466  6.16044535
7.32783085  7.35122288  3.84616233  2.78745326  2.70559847  4.70458733
4.77835257  8.65055527  0.82231291  3.09528283  5.27487911  0.56036620
2.54409838  5.69948476  1.31391753  4.27772569  5.30658326  5.41332868
6.71496819  3.73395567  4.44948432  2.53388771  3.75401889  7.29637590
3.67470994  3.65089394  4.70664978  8.96938965  0.58721532  3.36895322
8.79054698 10.63665285  4.27432106  0.59197083  4.40619524  2.77141477
3.37906708  0.61764203  2.91474187  2.34969945  3.88752296  3.13273137
2.62918119  3.48983264  2.89329998  6.43011210  4.05285394  1.15667909
0.93041658  5.33025909  2.75999836  2.50601096  2.63873874  1.97682436
4.78207243  1.14338184  2.09484871  0.91994121  2.30581477  3.33074706
2.54172345  3.90772823  1.16331635  4.90312454  1.25679987  2.89212152
6.70966694  2.88929348  2.74054007  3.30015078  4.21038739  1.83670259
1.71673212  2.74167931  5.83959014  2.51494592  3.62362410  3.96413436
4.11549632  5.32183679  3.90906887  4.96747633  1.79265210  3.38026695
2.53726058  6.53900592  4.95540198  2.57115694  2.24069149  1.35906875
1.76532707  2.42991369  3.98671772  3.69248890  0.56418867  5.71549927
3.36124225  2.90580363  1.18601818  5.50507224  5.16526676  4.15959477
5.77418038  5.66976296  3.28059732  4.93634383  5.36909796  2.48892417
1.48199081  4.13606256  7.90904451  3.07154961  4.43131461  4.89585987
3.35107104  2.99842183  3.50208672  5.91797228  4.44951873  5.30269548
1.36446424  5.61689343  2.74112202  2.56323888  2.71736436  7.31926545
5.94177553  1.98145320  3.76804564 10.92374870  4.51033125  0.67715405
4.23205884  4.08909543  3.81332559  1.52149297  3.76312724  4.66938439
0.94567954  2.29209521  0.77452624  3.43868102  7.33082205  5.86624162
1.43737136  5.10827488  1.39499278  1.74217971  4.70519185  2.85639610
0.48736898  0.67513232  2.14861477  3.34101549  1.85487590  6.04888399
0.30305679  2.87908923  2.18194604  2.85913610  7.03857161  1.83596978
1.99587693  1.28481788  4.46993143  0.33107681  7.63982146  5.22741067
5.75011833  0.65973206  7.49910619  2.69188757  2.69249793  7.22199797
4.27291511  3.26087368  3.88385614  3.97738699  0.42975576  3.36322849
4.69945656  1.19625266  4.73017486  6.30106766  0.93143385  5.33977903
2.83871891  5.88052487  4.68438455  8.29264926  5.42689698  1.94860460
1.25780523  2.88354938  0.77234023  1.38615471  5.52349763  2.37658064
3.88351061  2.26502445  2.74463788  2.27608192  4.45956413  5.98153547
1.76797318  8.51177789  4.16425971  4.98608033  5.77576477  4.48307576
3.29333291  5.99846255  1.18037868  0.90353253  4.97596579  2.16800502
7.80557752  0.69079364  2.06218491  0.91833997  1.87233263  8.00150206
5.38304576  2.59651568  1.80226164  1.08316856  3.60888026  5.40738878
5.58746564  3.61935544  5.42122741  5.77416989  5.38652016  6.61688341
4.76446194  0.92363785  4.08909054  3.06816647  3.01062014  2.45058706
1.92884554  1.23342120
